/*--------------------------------*- C++ -*----------------------------------*\
| =========                 |                                                 |
| \\      /  F ield         | OpenFOAM: The Open Source CFD Toolbox           |
|  \\    /   O peration     | Version:  5.x                                   |
|   \\  /    A nd           | Web:      www.OpenFOAM.org                      |
|    \\/     M anipulation  |                                                 |
\*---------------------------------------------------------------------------*/
/*   Windows 32 and 64 bit porting by blueCAPE: http://www.bluecape.com.pt   *\
|  Based on Windows porting (2.0.x v4) by Symscape: http://www.symscape.com   |
\*---------------------------------------------------------------------------*/
FoamFile
{
    version     2.0;
    format      ascii;
    class       faceSet;
    location    "constant/polyMesh/sets";
    object      boundaryFaces;
}
// * * * * * * * * * * * * * * * * * * * * * * * * * * * * * * * * * * * * * //


462
(
42069 
42070 
42071 
42072 
42073 
42074 
42075 
42076 
42077 
42078 
42079 
42080 
42081 
42082 
42083 
42084 
42085 
42086 
42087 
42088 
42089 
42090 
42091 
42092 
42093 
42094 
42095 
42096 
42097 
42098 
42099 
42100 
42101 
42102 
42103 
42104 
42105 
42106 
42107 
42108 
42109 
42110 
42111 
42112 
42113 
42114 
42115 
42116 
42117 
42118 
42119 
42120 
42121 
42122 
42123 
42124 
42125 
42126 
42127 
42128 
42129 
42130 
42131 
42132 
42133 
42134 
42135 
42136 
42137 
42138 
42139 
42140 
42141 
42142 
42143 
42144 
42145 
42146 
42147 
42148 
42149 
42150 
42151 
42152 
42153 
42154 
42155 
42156 
42157 
42158 
42159 
42160 
42161 
42162 
42163 
42164 
42165 
42166 
42167 
42168 
42169 
42170 
42171 
42172 
42173 
42174 
42175 
42176 
42177 
42178 
42179 
42180 
42181 
42182 
42183 
42184 
42185 
42186 
42187 
42188 
20107 
20108 
20109 
20110 
20111 
20112 
20113 
20114 
20115 
20116 
20117 
20118 
20119 
20120 
20121 
20122 
20123 
20124 
20125 
20126 
20127 
20128 
20129 
20130 
20131 
20132 
20133 
20134 
20135 
20136 
20137 
20138 
20139 
20140 
20141 
20142 
20143 
20144 
20145 
20146 
20147 
20148 
20149 
20150 
20151 
20152 
20153 
20154 
20155 
20156 
20157 
20158 
20159 
20160 
20161 
20162 
20163 
20164 
20165 
20166 
20167 
20168 
20169 
20170 
20171 
20172 
20173 
20174 
20175 
20176 
20177 
20178 
20179 
20180 
20181 
20182 
20183 
20184 
20185 
20186 
20187 
20188 
20189 
20190 
20191 
20192 
20193 
20194 
20195 
20196 
20197 
20198 
20199 
20200 
20201 
20202 
20203 
20204 
20205 
20206 
20207 
20208 
20209 
20210 
20211 
20212 
20213 
20214 
20215 
20216 
20217 
20218 
20219 
20220 
20221 
20222 
20223 
20224 
20225 
20226 
20227 
20228 
20229 
20230 
20231 
20232 
20233 
20234 
20235 
20236 
20237 
20238 
20239 
20240 
20241 
20242 
20243 
20244 
20245 
20246 
20247 
20248 
20249 
20250 
20251 
20252 
20253 
20254 
20255 
20256 
20257 
20258 
20259 
20260 
20261 
20262 
20263 
20264 
20265 
20266 
20267 
20268 
20269 
20270 
20271 
20272 
20273 
20274 
20275 
20276 
20277 
20278 
20279 
20280 
20281 
20282 
20283 
20284 
20285 
20286 
20287 
20288 
20289 
20290 
20291 
20292 
20293 
20294 
20295 
20296 
20297 
20298 
20299 
20300 
20301 
20302 
20303 
20304 
20305 
20306 
20307 
20308 
20309 
20310 
20311 
20312 
20313 
20314 
20315 
20316 
20317 
20318 
20319 
20320 
20321 
20322 
20323 
20324 
20325 
20326 
20327 
20328 
20329 
20330 
20331 
20332 
20333 
20334 
20335 
20336 
20337 
20338 
20339 
20340 
20341 
20342 
20343 
20344 
20345 
20346 
20347 
20348 
20349 
20350 
20351 
20352 
20353 
20354 
20355 
20356 
20357 
20358 
20359 
20360 
20361 
20362 
20363 
20364 
20365 
20366 
20367 
20368 
20369 
20370 
20371 
20372 
20373 
20374 
20375 
20376 
20377 
20378 
20379 
20380 
20381 
20382 
20383 
20384 
20385 
20386 
20387 
20388 
20389 
20390 
20391 
20392 
20393 
20394 
20395 
20396 
20397 
20398 
20399 
20400 
20401 
20402 
20403 
20404 
20405 
20406 
20407 
20408 
20409 
20410 
20411 
20412 
20413 
20414 
20415 
20416 
20417 
20418 
20419 
20420 
20421 
20422 
20423 
20424 
20425 
20426 
20427 
20428 
20429 
20430 
20431 
20432 
20433 
20434 
20435 
20436 
20437 
20438 
20439 
20440 
20441 
20442 
20443 
20444 
20445 
20446 
20447 
20448 
)

// ************************************************************************* //
